9080882 hackerdude
9830222 jtigger
12766982 scottfromsf
14120299 MachinesAreUs
14261047 mexicanhacker
14718122 chiscou
14752382 edgarjs
15082892 artiep
18519398 skimini
20790317 danielzm
21497884 MBonell
38241967 tacitknowledge
38778089 huertabr
39628317 solojavier
48051375 IqbalYusaf
50051967 pgonzalezr
55602646 raymundot
61306707 ulisespulido
114861716 rcarreram
116968820 OMG_io
196760769 TacitGDL
235792766 ramses_gdl
279223795 java_gdl
391619923 tom_motley
#
114861716 12766982
114861716 14261047
114861716 14718122
114861716 18519398
114861716 196760769
114861716 38241967
114861716 38778089
114861716 48051375
114861716 55602646
114861716 61306707
114861716 9080882
114861716 9830222
116968820 14261047
116968820 196760769
116968820 279223795
116968820 38241967
116968820 38778089
116968820 55602646
116968820 61306707
12766982 114861716
12766982 14261047
12766982 18519398
12766982 38241967
12766982 38778089
12766982 55602646
12766982 61306707
12766982 9080882
12766982 9830222
14120299 39628317
14261047 114861716
14261047 116968820
14261047 12766982
14261047 14718122
14261047 15082892
14261047 18519398
14261047 235792766
14261047 279223795
14261047 38241967
14261047 38778089
14261047 391619923
14261047 39628317
14261047 48051375
14261047 55602646
14261047 61306707
14261047 9080882
14261047 9830222
14718122 114861716
14718122 14261047
14718122 18519398
14718122 196760769
14718122 9080882
14752382 14261047
14752382 38778089
14752382 39628317
15082892 114861716
15082892 12766982
15082892 14261047
15082892 18519398
15082892 38778089
15082892 55602646
15082892 9080882
15082892 9830222
18519398 114861716
18519398 12766982
18519398 14261047
18519398 14718122
18519398 15082892
18519398 38241967
18519398 38778089
18519398 55602646
18519398 9080882
196760769 114861716
196760769 20790317
196760769 21497884
196760769 235792766
196760769 279223795
196760769 38241967
196760769 38778089
196760769 48051375
196760769 50051967
196760769 55602646
196760769 61306707
196760769 9080882
196760769 9830222
20790317 114861716
20790317 12766982
20790317 14261047
20790317 196760769
20790317 21497884
20790317 235792766
20790317 279223795
20790317 38241967
20790317 38778089
20790317 39628317
20790317 48051375
20790317 50051967
20790317 55602646
20790317 61306707
20790317 9080882
21497884 114861716
21497884 14261047
21497884 14752382
21497884 196760769
21497884 20790317
21497884 279223795
21497884 38241967
21497884 38778089
21497884 39628317
21497884 50051967
21497884 55602646
21497884 61306707
21497884 9080882
235792766 114861716
235792766 116968820
235792766 14261047
235792766 196760769
235792766 20790317
235792766 21497884
235792766 279223795
235792766 38241967
235792766 38778089
235792766 391619923
235792766 55602646
235792766 61306707
279223795 114861716
279223795 116968820
279223795 14261047
279223795 196760769
279223795 20790317
279223795 21497884
279223795 235792766
279223795 38778089
279223795 39628317
279223795 55602646
279223795 61306707
38241967 14261047
38241967 196760769
38241967 20790317
38241967 235792766
38241967 38778089
38241967 48051375
38241967 50051967
38241967 61306707
38778089 114861716
38778089 116968820
38778089 12766982
38778089 14261047
38778089 14718122
38778089 14752382
38778089 15082892
38778089 18519398
38778089 196760769
38778089 20790317
38778089 21497884
38778089 235792766
38778089 279223795
38778089 38241967
38778089 48051375
38778089 50051967
38778089 55602646
38778089 61306707
38778089 9080882
38778089 9830222
391619923 14261047
391619923 38241967
391619923 38778089
39628317 14120299
39628317 14261047
39628317 14752382
39628317 235792766
39628317 61306707
48051375 114861716
48051375 14261047
48051375 196760769
48051375 20790317
48051375 38241967
48051375 38778089
48051375 55602646
48051375 61306707
48051375 9080882
48051375 9830222
50051967 14120299
50051967 14261047
50051967 196760769
50051967 20790317
50051967 21497884
50051967 235792766
50051967 38241967
50051967 38778089
50051967 391619923
50051967 39628317
50051967 55602646
50051967 61306707
50051967 9080882
50051967 9830222
55602646 114861716
55602646 116968820
55602646 12766982
55602646 14120299
55602646 14261047
55602646 14718122
55602646 15082892
55602646 18519398
55602646 196760769
55602646 20790317
55602646 21497884
55602646 235792766
55602646 279223795
55602646 38241967
55602646 38778089
55602646 391619923
55602646 39628317
55602646 48051375
55602646 50051967
55602646 61306707
55602646 9080882
55602646 9830222
61306707 114861716
61306707 116968820
61306707 12766982
61306707 14261047
61306707 196760769
61306707 20790317
61306707 21497884
61306707 235792766
61306707 279223795
61306707 38241967
61306707 38778089
61306707 391619923
61306707 39628317
61306707 50051967
61306707 55602646
61306707 9080882
9080882 114861716
9080882 12766982
9080882 14261047
9080882 15082892
9080882 18519398
9080882 196760769
9080882 20790317
9080882 21497884
9080882 38241967
9080882 38778089
9080882 48051375
9080882 55602646
9080882 61306707
9080882 9830222
9830222 14261047
9830222 9080882

